4294967279,85
4294967279,84
4294967279,83
4294967279,82
4294967279,81
4294967279,80
4294967279,79
4294967279,100
4294967279,99
4294967279,98
4294967279,97
4294967279,96
4294967279,95
4294967279,94
4294967279,93
4294967279,92
4294967279,91
4294967279,90
4294967279,89
4294967279,87
4294967279,86
4294967278,284
4294967279,261
4294967278,283
4294967279,259
14,4
4294967278,524
14,3
14,2
14,1
4294967279,258
4294967278,523
4294967278,522
4294967279,330
4294967278,521
4294967279,329
4294967294,104
4294967294,106
4294967294,166
4294967294,24
4294967294,189
4294967294,384
4294967294,190
4294967294,1354
4294967294,126
4294967294,18
4294967294,120
4294967294,451
4294967294,151
4294967294,422
4294967279,107
4294967279,106
4294967279,105
4294967279,104
4294967279,103
4294967279,102
4294967279,101
4294967278,520
4294967279,328
4294967278,519
4294967279,327
4294967278,518
4294967279,326
4294967278,517
4294967279,325
4294967278,516
4294967279,255
4294967278,515
4294967279,324
4294967278,254
4294967279,254
4294967278,514
4294967279,252
4294967278,252
4294967279,250
4294967279,115
4294967279,114
4294967279,113
4294967279,112
4294967279,111
4294967279,110
4294967279,229
4294967279,109
4294967279,108
4294967279,323
4294967279,117
4294967278,248
4294967279,248
4294967278,246
13,4
4294967279,246
13,3
13,2
13,1
4294967278,244
4294967279,242
4294967279,118
4294967279,245
4294967278,243
4294967279,243
4294967278,240
4294967279,116
4294967279,241
4294967278,239
4294967279,238
4294967278,237
4294967278,236
4294967278,234
4294967278,232
4294967278,230
4294967278,228
4294967278,227
4294967278,224
4294967279,125
4294967279,124
4294967279,123
4294967279,122
4294967279,121
4294967279,120
4294967279,119
4294967278,223
4294967278,221
12,4
4294967278,218
12,3
12,2
12,1
4294967278,214
4294967278,217
4294967278,215
4294967279,132
4294967279,131
4294967279,130
4294967279,129
4294967279,128
4294967279,127
4294967279,126
4294967278,513
4294967279,322
4294967278,212
4294967278,211
4294967278,512
4294967279,321
4294967278,209
4294967278,9
4294967278,8
4294967278,7
4294967278,6
4294967278,5
4294967278,4
4294967279,320
4294967278,319
4294967279,319
4294967278,206
11,4
11,3
11,2
11,1
4294967278,205
4294967279,318
4294967278,318
4294967279,317
4294967278,203
4294967279,316
4294967278,317
4294967278,201
4294967278,200
4294967279,315
4294967278,316
4294967278,198
4294967278,14
4294967278,13
4294967278,12
4294967278,11
4294967278,10
4294967278,315
4294967278,196
10,4
4294967278,195
10,3
10,2
10,1
4294967278,193
4294967278,314
4294967279,314
4294967278,313
4294967278,18
4294967278,17
4294967278,16
4294967278,15
4294967278,312
4294967279,313
4294967278,191
4294967278,27
4294967278,26
4294967278,25
4294967278,24
4294967278,23
4294967278,22
4294967278,21
4294967278,20
4294967278,19
4294967278,311
4294967279,312
4294967278,189
4294967294,430
4294967294,187
4294967279,311
4294967279,310
4294967278,310
4294967279,309
4294967278,309
4294967279,308
4294967278,184
4294967278,183
4294967278,308
4294967279,307
4294967278,182
4294967278,180
4294967278,178
9,4
4294967278,179
9,3
9,2
9,1
4294967278,307
4294967278,37
4294967278,36
4294967278,35
4294967278,34
4294967278,33
4294967278,32
4294967278,31
4294967278,30
4294967278,29
4294967278,28
4294967279,24
4294967279,23
4294967279,22
4294967279,21
4294967279,306
4294967294,89
4294967278,306
4294967279,305
4294967278,305
4294967279,304
4294967278,173
4294967278,172
4294967278,304
4294967279,303
4294967278,171
4294967279,302
4294967278,303
4294967278,167
8,4
4294967278,168
8,2
8,1
4294967278,302
4294967278,301
4294967279,301
4294967278,300
7,4
4294967278,164
7,2
7,1
4294967278,162
4294967278,299
4294967279,300
4294967278,298
4294967278,297
4294967278,160
4294967278,159
4294967279,299
4294967278,158
4294967294,441
4294967294,907
4294967278,155
4294967294,29
4294967294,45
4294967278,296
4294967278,295
4294967279,298
4294967278,153
4294967279,18
4294967279,17
